10
11.4564 5.7457 0.0000 0.0000 0.0000 0.0000 0.0000 0.0000 0.0000 0.0000
-2.2615 -13.0705 -7.5923 0.0000 0.0000 0.0000 0.0000 0.0000 0.0000 0.0000
0.0000 6.0716 17.1158 5.3157 0.0000 0.0000 0.0000 0.0000 0.0000 0.0000
0.0000 0.0000 5.3749 -15.3311 4.0046 0.0000 0.0000 0.0000 0.0000 0.0000
0.0000 0.0000 0.0000 -5.4165 -19.1503 6.0197 0.0000 0.0000 0.0000 0.0000
0.0000 0.0000 0.0000 0.0000 6.2219 -16.4458 3.4076 0.0000 0.0000 0.0000
0.0000 0.0000 0.0000 0.0000 0.0000 -2.7282 -18.5290 -9.2054 0.0000 0.0000
0.0000 0.0000 0.0000 0.0000 0.0000 0.0000 -4.8749 13.4929 -1.8713 0.0000
0.0000 0.0000 0.0000 0.0000 0.0000 0.0000 0.0000 2.4461 -19.8775 -8.8168
0.0000 0.0000 0.0000 0.0000 0.0000 0.0000 0.0000 0.0000 8.3158 -12.4408
2.6053 21.2536 34.2924 8.1367 -44.3752 -4.5507 15.5012 -46.4650 -35.9635 33.3779
